-0.0323486
-0.0136414
0.000732422
0.00140381
0.01828
0.0425415
0.0734863
0.112823
0.150055
0.184448
0.213348
0.237671
0.258698
0.274841
0.282135
0.274963
0.257782
0.234528
0.205383
0.173798
0.142792
0.116455
0.0959473
0.0812073
0.0705261
0.0623779
0.0657654
0.0855408
0.118195
0.152924
0.178528
0.187927
0.179199
0.158386
0.129639
0.0952148
0.0586853
0.0257874
-0.00256348
-0.0275269
-0.0469666
-0.0641785
-0.0808105
-0.0969849
-0.111053
-0.12262
-0.134888
-0.146301
-0.154999
-0.155731
-0.139893
-0.105499
-0.0593262
-0.0141296
0.0237427
0.0509644
0.0684204
0.0732422
0.0603943
0.02771
-0.0180664
-0.0646667
-0.10257
-0.128571
-0.139954
-0.137665
-0.125
-0.106171
-0.0838318
-0.0610962
-0.0403442
-0.0224304
-0.00827026
0.00234985
0.00790405
0.00646973
-0.00494385
-0.0252991
-0.0489502
-0.0722961
-0.0943604
-0.117889
-0.143524
-0.169525
-0.192841
-0.211334
-0.223541
-0.225586
-0.214844
-0.191132
-0.153992
-0.108002
-0.059967
-0.017395
0.0162659
0.039856
0.0550232
0.0628357
0.0638733
0.0572205
0.0471191
0.0399475
0.0414429
0.0508728
0.0662537
0.084137
0.0991516
0.110535
0.119659
0.125671
0.127441
0.125488
0.120636
0.11261
0.105865
0.105591
0.112183
0.118927
0.122284
0.123108
0.124329
0.127197
0.12915
0.124725
0.110443
0.0893555
0.0668945
0.0454407
0.026947
0.0115051
-0.00360107
-0.022522
-0.041748
-0.0555115
-0.0597229
-0.0587463
-0.0568848
-0.053009
-0.0456848
-0.0360413
-0.0271606
-0.0220947
-0.0221558
-0.0297241
-0.0445862
-0.0634155
-0.0839539
-0.105316
-0.127472
-0.14566
-0.153107
-0.145538
-0.126373
-0.101532
-0.0774231
-0.0586243
-0.0490723
-0.0502625
-0.0603333
-0.0734863
-0.0825195
-0.0838928
-0.0778809
-0.0637207
-0.0376587
-0.00256348
0.0366211
0.0762329
0.111237
0.131561
0.130035
0.113159
0.0915222
0.0739441
0.0678406
0.0734863
0.0870056
0.105743
0.129974
0.15509
0.170258
0.172913
0.163422
0.145355
0.122894
0.0999756
0.0799561
0.0623779
0.0502014
0.041687
0.0319214
0.019043
-3.05176e-05
-0.0249329
-0.0532837
-0.078125
-0.093689
-0.101959
-0.105103
-0.102966
-0.092041
-0.0698242
-0.0391846
-0.00900269
0.0130615
0.026825
0.0396729
0.0565186
0.0740051
0.0844421
0.0831299
0.0728455
0.0612183
0.0526428
0.0447693
0.0326233
0.0143738
-0.00543213
-0.0198669
-0.0235901
-0.0165405
-0.00375366
0.00808716
0.0133667
0.0112915
0.00366211
-0.00869751
-0.0258789
-0.0475464
-0.0678711
-0.0825806
-0.0884705
-0.0875549
-0.0847778
-0.0849915
-0.0889282
-0.0982971
-0.113647
-0.130219
-0.145569
-0.162079
-0.181519
-0.201752
-0.217224
-0.224365
-0.219849
-0.209534
-0.198303
-0.184204
-0.163513
-0.135834
-0.108673
-0.0853271
-0.0684204
-0.0565796
-0.0445557
-0.0323486
-0.0136414
0.000732422