-0.00726318
0.00982666
0.0309448
0.0534973
0.0733948
0.0939636
0.112488
0.126312
0.135193
0.137543
0.132599
0.121216
0.103424
0.0824585
0.0639038
0.0491638
0.0396118
0.0348206
0.0354919
0.0430298
0.0544128
0.0645752
0.0737
0.0830688
0.0932922
0.102448
0.109131
0.114014
0.118286
0.119812
0.115906
0.10495
0.0880127
0.0680542
0.0474243
0.025116
0.00363159
-0.0136719
-0.0228271
-0.025116
-0.0250549
-0.0238647
-0.0209351
-0.0167847
-0.01297
-0.0111084
-0.0093689
-0.00637817
-0.00119019
0.00506592
0.0126343
0.021637
0.0304871
0.0357361
0.0343628
0.0257263
0.0115051
-0.00860596
-0.0344543
-0.063324
-0.0908508
-0.113739
-0.132385
-0.146545
-0.155457
-0.157013
-0.152985
-0.145111
-0.135132
-0.121765
-0.104767
-0.0854797
-0.0647888
-0.0428162
-0.0205688
0.00152588
0.0222473
0.0414429
0.0587769
0.0733337
0.0855408
0.094635
0.0993347
0.0999756
0.0974731
0.0934143
0.0885925
0.0832214
0.0789185
0.0783997
0.081604
0.0875854
0.0939941
0.1026
0.112091
0.122162
0.131317
0.139496
0.147858
0.156097
0.162964
0.168579
0.174866
0.182007
0.189911
0.195831
0.19873
0.200195
0.199432
0.19516
0.186554
0.177521
0.169678
0.162872
0.156189
0.148193
0.140442
0.131348
0.120087
0.103607
0.083374
0.0616455
0.0404663
0.0205078
0.00112915
-0.0166321
-0.030426
-0.0401306
-0.0464172
-0.0489197
-0.0464172
-0.0405579
-0.0328674
-0.0264587
-0.022522
-0.0199585
-0.0179138
-0.0157776
-0.0147095
-0.016571
-0.0207825
-0.0252991
-0.0279236
-0.0305786
-0.0353088
-0.0435791
-0.0526123
-0.0583191
-0.0611267
-0.0635681
-0.0672607
-0.0717163
-0.0742493
-0.075531
-0.0786133
-0.0838013
-0.0881653
-0.0889893
-0.0874329
-0.0848083
-0.0826416
-0.0783997
-0.0697937
-0.0574036
-0.0458984
-0.0362549
-0.0279541
-0.019165
-0.0106506
-0.00241089
0.00515747
0.0115662
0.0172424
0.0220642
0.0261841
0.0302429
0.0326233
0.0334473
0.0343933
0.037323
0.0422974
0.0487671
0.0557251
0.063446
0.0708923
0.0766907
0.0775452
0.0739136
0.0670471
0.0585938
0.0485535
0.0372009
0.0252075
0.014679
0.00634766
-0.000183105
-0.00598145
-0.0125122
-0.019104
-0.0245056
-0.0264893
-0.0252075
-0.0204773
-0.0126648
-0.000335693
0.0150757
0.031189
0.0440369
0.0506287
0.050415
0.0405273
0.0219421
-0.00350952
-0.0306091
-0.0544128
-0.0694275
-0.0739746
-0.0705566
-0.0627747
-0.0542297
-0.046051
-0.040741
-0.0415344
-0.0508118
-0.066864
-0.0861816
-0.105255
-0.124054
-0.142914
-0.15979
-0.173401
-0.18338
-0.191254
-0.198517
-0.204559
-0.208466
-0.211761
-0.214874
-0.218842
-0.222748
-0.226532
-0.22998
-0.233582
-0.235779
-0.235962
-0.235077
-0.230804
-0.220673
-0.204346
-0.18161
-0.154541
-0.123108
-0.089447
-0.057373
-0.028595
-0.00726318
0.00982666
0.0309448
